Date: 25.12.2016 15:20:16
Period:     300.01
ZeroChannel: -0.10136
(mm/s)PerChannel: 0.01807
Dots: 0
Nc: 2
1:  Cr  24  1  5.410  304.980  
2:  Mo  42  1  17.470  972.340  
Data:
   0     0     0     0     0     0     0     0     0  
   0     0     0     0     0     0     0     0     0     0  
   1     1     2     1     9     9    29    42    53   101  
 121   135   146   147   142   131   146   149   156   126  
 140   132   118   125   130   130   138   117   119   142  
 128   129   109   112    95   136   107   105   106   106  
 110   113    81   113    87    99    88    85    96   116  
  93    94    99   101    92    97    82    89    79    93  
  97   116    69    81   103    82    85    90    69    86  
  89    87    90    95    95   110   109   128   135   130  
 139   108   120    96   116   100    98    76    88    92  
  83    76    72    81    82    72    77    76    86    82  
  72    72    76    62    79    83    81    70    79    74  
  60    65    61    62    75    77    63    89    67    69  
  65    65    74    62    74    88    90    92    96    91  
  79    85    73    87    80    63    83    86    89    73  
  93   109   131   102   113   157   142   132   131   134  
 110   135    89    92    74    74    79    85    77    68  
  87    78    80    53    70    73    63    68    57    76  
  69    50    59    57    63    39    42    53    55    40  
  45    52    47    56    41    54    65    47    57    42  
  47    38    31    36    36    39    54    31    38    43  
  37    32    39    48    31    39    38    39    50    38  
  36    35    30    27    48    31    34    49    33    26  
  27    46    28    33    30    31    46    25    29    30  
  24    33    32    43    45    32    32    38    28    25  
  27    35    25    33    26    30    25    34    23    39  
  30    31    34    25    28    30    38    35    43    27  
  37    25    39    36    33    33    37    33    28    33  
  34    35    29    38    30    30    39    27    36    42  
  46    29    34    39    55    33    40    31    40    42  
  22    38    37    37    41    36    40    39    33    37  
  35    43    41    38    43    28    30    31    41    33  
  36    37    35    46    46    32    51    29    39    49  
  39    36    38    48    47    42    41    38    43    56  
  56    56    65    80    73    79    91   108   101    87  
  91    91    81    70    66    71    42    63    58    63  
  47    49    46    43    44    48    47    40    43    55  
  52    56    43    50    51    46    49    38    50    45  
  49    64    52    54    57    61    53    68    63    48  
  54    56    51    51    55    58    60    52    53    57  
  71    72    77    95    91    95    95   102   120   122  
 122    96    93    79    84   105    77    65    73    72  
  61    53    62    50    42    62    61    60    54    63  
  62    57    68    60    57    60    55    88    57    55  
  60    64    69    75    71    71    72    53    58    68  
  66    73    69    55    62    66    67    89    56    73  
  67    54    72    62    77    77    66    75    76    78  
  71    72    61    77    67    60    59    71    66    60  
  76    74    68    62    66    49    71    71    72    65  
  53    66    79    65    67    73    47    62    61    68  
  68    73    69    68    75    67    78    69    71    89  
  80    74    71    65    61    72    70    80    71    84  
  76    60    64    73    83    92    74    63    86    75  
  66    72    81    75    64    87    84    75    72    56  
  69    81    88    77    87    73    82    90    68    68  
  74    88    76    76    73    86    67    81    89    80  
  90    88    72    81    93    89    78    85    63    83  
  88    82    78    78    79    81    74    72    91    80  
  80   105    72    76    69    77    85    87    74    94  
  82    54    99    80    84    94    81    90    78    95  
  83    92    88   103    80    79    83    91    91    82  
  65    82    76    80    90    96   102    76    85   103  
  88    92    98    85    91   100   100    87   104    89  
  89    99    92   103    94   113    90    98   111    95  
 109    90    84    87    83    92   106   109    99    88  
  98   101    95    90    88    89   103    89   104   109  
  89    97   100   103   101   103    94   109    94   128  
 104    93   108   100   117   112    99   100   110   120  
 114   109   101   102   109   110    95   107    90   121  
 122   111   108   106   117   125   112   119   117   121  
 123   123   107   120   115   134   145   121   137   104  
 108   109   120   136   116   111   136   123   109   118  
 128   111   117   133   135   135   115   129   112   137  
 130   125   116   105   140   140   129   109   130   132  
 141   116   130   116   131   127   127   132   130   132  
 125   132   121   120   140   144   111   140   143   143  
 113   144   139   141   155   118   131   142   141   145  
 126   135   125   140   145   148   172   138   133   169  
 139   132   124   126   125   133   157   125   130   120  
 146   127   122   140   137   130   139   129   146   135  
 150   150   145   151   151   150   146   165   130   141  
 159   138   125   138   137   136   144   136   157   154  
 144   136   148   145   125   142   155   150   137   126  
 127   139   134   140   144   140   153   138   151   151  
 136   143   147   144   141   139   132   166   142   166  
 136   159   159   153   134   128   153   146   136   152  
 145   153   158   129   137   150   142   142   141   139  
 126   118   131   122   132   144   131   128   122   127  
 134   138   135   135   143   147   147   163   157   138  
 148   130   168   130   159   158   121   148   161   135  
 145   161   157   146   154   176   185   156   132   160  
 176   157   155   181   156   175   182   188   175   191  
 190   185   188   187   203   204   200   174   208   218  
 229   237   265   246   250   278   278   308   304   349  
 352   395   395   420   533   533   600   693   709   811  
 923  1046  1153  1260  1517  1599  1787  1931  2058  2148  
2282  2275  2269  2303  2289  2106  2022  1824  1714  1425  
1284  1026   910   682   573   473   383   295   254   225  
 177   160   133   117   141   104   102   121   129   123  
 101    96   122    99   115   114   124   110   112   129  
 103   102   116   115   107   110   106   106   109    89  
  88   118    93   113    93   110    86   114   111   118  
 109    91   102   130    83   103    98    97    95   114  
 121   129   103   102   110   120   103   109   117   111  
 116   118   130   130   109   119   101   121   115   118  
 128   120   115   144   123   139   161   122   142   153  
 158   160   157   182   189   203   177   185   193   222  
 250   244   231   280   306   311   343   363   387   422  
 398   442   433   399   436   356   363   330   340   275  
 268   221   173   185   169   164   155   158   132   132  
 121   122   144   118   165   117   101   124   128   105  
 100    81    83    90    70    84    74    76    63    86  
  61    85    61    67    56    78    73    78    66    75  
  65    66    66    65    68    70    75    79    73    60  
  75    56    72    60    56    64    76    70    58    69  
  70    78    87    60    63    73    63    70    67    59  
  63    68    64    60    70    71    61    68    77    77  
  60    60    77    70    47    70    56    75    59    74  
  56    70    49    64    55    74    70    68    68    61  
  69    68    63    72    61    59    76    50    65    92  
  64    59    54    53    54    66    82    65    69    75  
  56    74    72    74    74    70    58    81    71    75  
  79    67    67    68    70    65    69    63    53    68  
  71    53    69    66    63    48    62    44    63    68  
  59    58    58    61    53    59    63    60    71    74  
  61    56    68    72    80    73    74    59    67    67  
  60    56    63    67    48    48    60    54    50    65  
  59    67    53    59    62    62    55    64    69    66  
  47    67    70    78    58    53    49    53    65    75  
  56    61    68    59    57    62    57    69    61    64  
  57    65    57    57    51    63    58    67    55    60  
  58    72    48    56    66    55    57    60    52    50  
  51    56    64    58    46    64    65    51    55    55  
  62    47    58    51    64    55    52    53    52    62  
  52    55    60    68    45    51    42    56    52    68  
  58    56    72    60    52    62    50    66    61    61  
  49    51    58    51    57    62    54    48    70    60  
  47    58    64    48    56    51    58    55    61    49  
  47    52    67    51    63    62    64    56    56    55  
  61    49    62    56    50    59    55    47    47    51  
  57    55    54    53    63    58    59    50    58    49  
  44    43    61    50    53    54    47    56    65    48  
  46    33    53    43    64    50    62    56    45    59  
  52    47    47    60    46    49    37    38    45    40  
  44    63    36    41    42    54    33    52    50    41  
  50    47    49    27    40    46    49    51    55    41  
  47    61    52    51    45    39    54    50    51    37  
  56    42    48    46    50    42    44    40    57    42  
  45    44    43    49    51    53    42    41    38    37  
  48    38    44    56    41    50    41    45    45    44  
  48    42    44    51    50    35    40    42    47    50  
  43    49    35    46    61    51    50    25    43    43  
  41    52    41    51    55    47    36    47    35    37  
  29    49    51    44    55    44    35    43    29    48  
  36    36    36    40    47    41    42    31    38    41  
  36    36    37    39    41    25    41    43    40    33  
  37    29    38    40    42    32    37    57    33    52  
  45    36    42    38    43    39    41    34    38    39  
  39    43    48    38    30    43    51    32    36    42  
  32    43    40    34    28    32    40    28    32    31  
  41    37    36    41    35    27    31    45    45    34  
  39    29    37    36    42    24    34    32    35    39  
  42    41    25    23    32    29    36    29    35    29  
  29    28    28    34    38    23    34    36    32    31  
  37    30    32    36    39    22    33    39    43    30  
  34    32    32    25    38    23    33    31    31    37  
  32    36    26    20    19    36    29    31    36    43  
  34    31    31    29    36    34    26    37    35    36  
  32    36    22    36    35    34    28    35    25    40  
  25    26    38    27    26    27    26    26    18    31  
  33    24    28    24    25    31    30    34    36    27  
  38    25    25    39    26    21    36    24    33    33  
  35    20    26    33    26    35    31    27    27    25  
  30    29    30    41    23    34    25    24    19    24  
  30    24    31    25    29    31    23    16    26    23  
  30    27    24    18    19    32    23    26    33    33  
  24    27    27    18    14    24    19    27    30    21  
  21    22    23    26    28    26    31    22    30    26  
  15    22    30    27    16    25    32    30    12    23  
  24    18    29    24    14    25    26    22    22    21  
  21    26    21    28    17    23    28    23    19    18  
  19    16    27    18    21    18    22    29    23    31  
  24    23    23    19    14    20    18    21    25    26  
  20    24    20    25    20    25    24    18    18    30  
  26    14    26    17    22    15    25    27    28    24  
  18    14    27    18    27    23    22    13    20    16  
  21    25    14    23    21    22    21    19    23    11  
  21    12    24    24    18    17    21    21    21    27  
  19    25    15    18    15    19    13    13    22    19  
  16    22    20    11    14    21    28    23    24    18  
  11    17    14    18    19    14    24    15    26    11  
  15    10    18    15    20    21    18    22    18    23  
  11    22    28    14    19    17    16    21    15    17  
  21    17    18    16    11    13    15    12    27    14  
  15    19    17    17    17    12    23    11    23    10  
  12    20    21    14    12    16    11     9    13    19  
  11    19    17     9    17    14    25     8    15    14  
  14    18    11    13    12    20    15    16    19    13  
  20    15    17    19    14    16    11     9    11    17  
  18    17    14    19    14    15    14    16    10    14  
  14    10     8    15    12    10    12    12    23    12  
  10    13    23     6     6     7     4     6     0     0  
   0     1     0     0     0     0     0     0     0     0  
   0     0     0     0     0     0     0     0     0  
