Date: 25.12.2016 13:13:06
Period:     300.01
ZeroChannel: -0.10136
(mm/s)PerChannel: 0.01807
Dots: 0
Nc: 2
1:  Cr  24  1  5.410  304.980  
2:  Mo  42  1  17.470  972.340  
Data:
   0     0     0     0     0     0     0     0     0  
   0     0     0     0     0     0     0     0     0     0  
   0     0     2     2    10     7     9    28    19    37  
  43    39    51    54    53    49    48    57    53    55  
  48    48    41    46    40    53    42    34    52    49  
  37    34    41    32    46    37    44    45    47    43  
  46    35    41    45    45    42    38    40    46    55  
  53    34    39    48    48    42    37    41    34    48  
  31    33    37    42    40    41    43    31    37    38  
  44    33    43    34    32    48    51    44    60    43  
  58    41    44    46    45    54    50    53    41    41  
  51    36    31    42    40    42    49    47    44    49  
  56    53    51    55    54    56    84    67    66    81  
  84    98   100   108   130   132   137   134   143   133  
 112   106   120   110    99    79    80    76    86   109  
 100   106    92   103    88   116   109    85   107   103  
 130   190   206   224   301   346   385   392   457   482  
 411   378   338   300   299   267   236   204   227   228  
 246   209   224   195   187   161   170   153   135   138  
 133    98    96    90    76    60    62    55    59    69  
  66    74    87    86   129   122   134   154   157   157  
 154   125   121    97    70    77    42    46    47    38  
  33    37    30    39    37    30    35    41    36    30  
  30    29    24    25    35    28    46    23    22    18  
  24    19    33    31    44    43    49    49    73    99  
 105   139   138   147   148   149   127   102   127    80  
  72    57    48    38    31    21    22    17    21    21  
  38    26    37    42    30    41    46    55    36    45  
  35    39    39    36    35    31    32    22    30    29  
  23    29    24    29    31    32    31    31    35    46  
  51    30    55    51    43    45    54    52    33    41  
  36    37    32    33    34    30    32    25    29    38  
  31    36    41    29    34    38    37    54    38    45  
  46    42    63    49    50    37    42    45    47    35  
  35    46    31    43    29    47    44    54    55    70  
  89   132   149   179   192   225   270   321   325   319  
 295   305   281   240   165   148   143   108    96    69  
  47    47    36    46    58    40    50    36    35    43  
  42    45    44    48    48    38    49    49    55    65  
  59    70    72    77    64    80    74    68    61    69  
  60    51    39    53    43    46    46    42    50    50  
  46    61    44    42    69    60    63    64    70    78  
  84    60    55    61    59    77    52    38    36    51  
  42    29    42    48    44    30    38    47    54    57  
  47    62    58    69    70    96    96    87    82    91  
  94    85    92    91    71    80    83    60    68    57  
  56    54    54    40    52    60    62    59    74    67  
  66    88   100   141   188   238   316   379   454   463  
 539   595   644   656   594   605   459   447   418   309  
 234   207   160   130   100    74    53    61    57    50  
  70    46    50    50    57    67    62    71    83   104  
  79   106   115   107   123   115   120    81    96    91  
  84    80    81    67    76    62    68    71    84    92  
  99   115    93   118   120   130   128   117    95    99  
  86    89    76    62    62    68    57    49    53    60  
  36    50    55    35    39    53    57    43    41    53  
  57    51    46    52    48    59    56    54    54    58  
  62    72    80    76   107   134   165   228   256   359  
 403   543   665   844   907  1123  1217  1310  1372  1454  
1401  1364  1269  1131   991   795   655   543   406   352  
 258   197   176   144   118    98   101   112    80    70  
  70    59    58    69    55    63    55    38    37    47  
  32    34    39    29    33    43    47    51    48    43  
  46    60    48    56    38    47    53    37    44    42  
  47    52    39    30    31    36    38    36    33    30  
  38    43    31    37    34    39    36    42    30    41  
  37    32    40    26    34    41    41    44    39    44  
  42    49    57    57    64    52    79    66    80    65  
  82    97   101    92    97    94   100   121   108   124  
 137   176   181   201   263   355   412   486   600   751  
 772   874  1010  1015  1103  1047  1026   970   856   799  
 658   559   504   372   351   248   188   191   155   147  
 123   135   101    87   102    80   119   105    81    83  
  70    77    60    45    52    39    33    36    37    34  
  28    26    29    28    35    37    21    20    21    28  
  25    17    18    21     8    22    22    15    23    16  
  16    25    12    16    17    10    18    21    15    16  
  16    12    14    16    17    19    17    20    10    19  
  22    15    20    19    22    22    31    34    26    21  
  23    27    24    18    23    33    16    18    21    25  
  19    23    21    21    11    19    22    17    14    23  
  15    25    25    35    41    54    46    75    89    94  
  78    70    95   103   120    83   103    94    81    73  
  69    68    56    45    39    25    28    32    29    25  
  41    31    48    38    31    43    44    46    39    46  
  33    39    29    29    19    22    17    17    19    14  
  23    15    31    29    25    24    46    44    45    67  
  81    99   127   120   132   129   137   157   156   153  
 140   149   129   104    96   105    65    71    66    48  
  35    26    27    21    26    16    12    10     8    16  
  22    19    15    18    17    19    19    18    17    23  
  21    18    23    29    36    19    29    32    37    37  
  43    33    46    44    47    58    49    48    51    56  
  55    63    58    61    67    54    54    48    56    46  
  51    47    46    53    47    61    49    51    36    50  
  43    44    36    45    30    32    43    25    44    28  
  35    50    28    44    51    63    59    48    65    79  
  64    81    69    66    83    59    69    68    68    64  
  54    54    68    46    36    31    29    32    29    24  
  21    25    26    18    17    16    16    11    20    11  
   5    21     3    16    11     8     7     7     4     5  
  12     3     5     5     6     7     8     8     6    10  
   7     8     8    14    10     9    11     8    11     8  
   7    13    13     7     9    14     6    10     8    13  
  12    14    12    12    13    10     9    10    10     9  
  19    16     6    10     8    13     8    13    20     7  
   6    15     9    10    10     8     9     8     4     3  
   8    10     6     3     3     8    11     9     2     6  
  11    11     6     7    10    12    15    10    12    13  
   9    12     8    10    14    14     6    13     7    13  
   9     8     7     8     6    12     8     6     7     5  
   2     4     6     6     4     7     3     8     5     2  
   4     1     2     5     0     3     5     2     3     8  
   7     5     5     5     4     1     3     2     1     3  
   5     4     1     3     2     2     4     4     3     4  
   5     3     6     2     4     4     1     1     4     4  
   2     4     2     3     9     5     6     2     2     2  
   2     4     6     5     1     3     8     3     4     4  
   5     3     2     1     3     3     4     3     3     1  
   5     0     5     6     2     6     5     4     8     5  
   5     2     5     6     4     5     5     2     4     6  
   7    15     5     8    12    17    21    23    31    34  
  33    50    43    80    58    57    68    56    76    75  
  94    89    71    97    93    68    96    71    63    54  
  46    58    43    25    35    25    27    20    14    11  
   9     6     6     4     1     3     3     5     1     4  
   6     3     4     3     2     2     2     2     2     2  
   4     4     0     2     1     4     1     2     2     1  
   1     6     2     5     3     5     2     2     3     2  
   1     5     1     2     2     2     1     1     1     3  
   3     2     2     1     5     1     2     1     0     1  
   0     4     1     1     1     6     0     1     4     2  
   1     0     3     2     0     2     1     1     1     4  
   1     1     0     2     2     2     3     0     0     4  
   2     2     3     4     2     2     0     1     1     3  
   1     1     3     2     2     0     2     4     4     3  
   2     1     4     1     6     2     0     3     0     4  
   2     2     1     3     6     4     4     6     4    12  
   4     7    11    10    12    10     7    14    20    11  
  14    15    13    15    18    12     8    11     8     8  
   5     4     3     2     1     3     1     3     1     5  
   3     6     7     3     3     4     2     2     1     1  
   2     4     6     0     5     2     3     2     2     3  
   3     1     0     3     4     2     0     1     4     1  
   2     1     1     0     3     0     0     7     3     0  
   2     3     0     2     1     4     3     1     3     2  
   4     0     3     5     2     3     3     4     1     5  
   2     4     1     1     2     3     3     4     0     1  
   3     0     0     0     1     3     0     1     0     0  
   3     4     0     0     3     0     1     0     1     1  
   1     2     0     2     0     2     1     6     0     0  
   1     0     2     0     3     1     1     1     2     3  
   2     1     1     0     2     1     2     2     1     0  
   1     0     1     1     2     2     1     2     0     0  
   0     1     1     0     1     0     0     0     0     1  
   2     0     3     1     2     0     0     1     1     1  
   0     0     1     1     3     1     1     0     0     1  
   0     0     0     1     1     5     1     1     2     0  
   1     0     1     1     1     3     2     1     2     1  
   1     1     1     0     0     0     1     0     1     0  
   2     0     1     0     0     1     1     2     0     0  
   0     0     0     0     0     0     1     3     1     0  
   2     0     0     0     1     0     1     2     0     1  
   0     2     1     1     0     0     0     0     1     1  
   1     1     1     0     0     0     1     1     0     3  
   1     4     1     0     1     0     2     1     0     0  
   0     1     0     0     0     0     1     1     0     1  
   0     0     2     1     0     0     0     0     0     1  
   2     0     0     4     3     2     1     1     1     0  
   0     1     0     0     1     0     0     1     1     1  
   0     0     0     0     0     0     1     1     0     1  
   0     1     0     2     2     1     2     0     0     1  
   2     1     0     0     0     1     0     0     0     0  
   1     1     0     0     2     1     0     0     1     0  
   0     0     0     1     0     0     0     0     0     2  
   0     0     0     0     0     2     0     0     0     0  
   1     0     1     0     0     0     2     0     0     2  
   0     0     0     1     0     2     0     1     2     1  
   0     0     1     1     0     1     2     0     0     1  
   0     1     0     0     0     1     0     1     1     1  
   1     0     0     0     0     0     0     0     0     1  
   0     0     0     1     0     0     0     0     0     0  
   0     0     0     3     0     0     0     0     0     0  
   0     1     1     0     0     0     1     1     0     0  
   1     0     1     1     1     0     1     1     0     0  
   0     1     0     0     2     0     0     1     0     0  
   0     0     1     0     0     0     0     0     0     0  
   1     1     1     0     0     0     1     0     1     0  
   0     0     1     0     0     0     0     0     0     0  
   0     0     1     1     0     0     0     0     1     2  
   0     0     0     1     0     1     0     1     1     0  
   0     1     0     1     0     0     0     0     0     0  
   0     0     0     0     0     0     1     0     1     1  
   0     0     0     0     0     0     0     1     0     1  
   0     1     0     0     0     1     0     0     1     0  
   1     0     1     0     1     0     0     0     0     0  
   0     1     0     0     0     1     0     1     1     0  
   1     2     0     0     0     1     0     0     1     0  
   0     0     1     0     0     0     0     1     0     0  
   0     0     1     0     0     0     1     0     0     0  
   0     0     0     0     1     0     0     0     0     0  
   0     0     0     0     0     0     0     0     0     0  
   0     0     0     0     0     0     0     0     0     0  
   0     0     0     0     0     0     0     0     0     0  
   0     0     0     0     0     0     0     0     0  
