Date: 25.12.2016 13:19:05
Period:     300.00
ZeroChannel: -0.10136
(mm/s)PerChannel: 0.01807
Dots: 0
Nc: 2
1:  Cr  24  1  5.410  304.980  
2:  Mo  42  1  17.470  972.340  
Data:
   0     0     0     0     0     0     0     0     0  
   0     0     0     0     0     0     0     0     0     0  
   0     0     1     1     3     5    15    25    45    49  
  63    63    81    67    71    84    69    79    75    56  
  59    68    70    61    59    55    40    56    61    57  
  63    62    51    58    57    54    52    40    52    55  
  52    61    43    54    55    66    46    44    71    62  
  50    66    44    47    68    61    59    48    50    65  
  48    50    45    55    56    41    61    52    39    43  
  45    41    55    51    49    55    47    49    53    55  
  49    62    69    63    51    59    42    47    48    47  
  53    55    57    55    56    64    51    50    56    56  
  75    73    83    72    72    86    81    84    83    92  
 109   118   110   132   130   132   146   129   142   134  
 131   119   127   109   108    87    99   102    97   102  
  97   102    99   115   115   139   127   130   141   169  
 182   228   248   318   373   448   555   554   565   581  
 571   545   494   468   381   377   357   336   325   332  
 317   286   270   213   201   201   193   177   147   133  
 138   110    83    94    84    71    74    76    77    65  
  58    73    76    98    98    95    95   117   118   100  
 119   104    93    97    63    63    49    42    42    24  
  40    35    29    27    34    37    46    51    35    32  
  36    35    27    27    33    21    29    39    23    27  
  32    26    41    32    37    47    47    64    76    71  
  88   108   132   114   120   136   110   113    90    84  
  75    45    34    33    43    37    30    26    28    31  
  36    36    31    34    44    43    47    50    49    51  
  46    56    29    25    33    27    34    47    23    26  
  31    24    29    33    43    26    36    30    35    39  
  35    40    31    38    36    36    54    35    39    40  
  34    33    32    35    32    32    43    33    28    27  
  29    42    34    43    26    35    39    43    46    35  
  44    31    39    46    44    40    41    33    46    43  
  35    32    37    30    36    34    43    43    49    42  
  67    69    71    88   100   117   137   141   127   138  
 164   125   135   125    80    93    82    61    41    44  
  52    42    42    58    41    49    29    31    45    41  
  39    44    41    34    35    46    38    54    53    38  
  53    45    60    69    58    61    54    56    61    51  
  36    53    43    40    41    56    39    48    45    49  
  51    50    59    53    78    68    69    59    62    65  
  69    70    68    58    45    53    47    48    48    48  
  41    55    48    43    45    41    46    51    57    53  
  37    58    54    50    64    87    62    67    70    66  
  56    64    79    61    63    50    54    54    48    46  
  49    59    58    63    41    45    59    59    49    60  
  68    45    68    53    75    98   116    95   128   144  
 153   151   179   183   178   175   151   129   123   104  
 104    80    79    77    69    55    51    59    56    54  
  59    62    71    72    90    99   110   116   122   142  
 170   169   178   185   187   162   199   159   154   119  
 124   117    92    73    88    58    65    58    65    63  
  73    63    55    64    76    77    72    75    68    69  
  54    54    62    59    62    53    58    47    55    54  
  56    45    63    58    50    51    62    51    58    64  
  58    71    55    59    69    60    60    71    72    85  
  82    94   115   137   189   205   280   406   507   663  
 832  1000  1240  1521  1760  2162  2427  2592  2736  2739  
2713  2632  2518  2263  1946  1541  1371  1082   768   612  
 492   374   296   242   189   170   140   129   116   104  
 110    80    70    71    67    46    45    44    44    47  
  38    44    40    44    51    54    59    66    66    57  
  67    92    82    73    84    89    68   101    62    51  
  68    48    41    39    52    48    32    37    46    32  
  39    38    42    42    42    43    38    35    36    35  
  50    37    33    47    39    37    52    40    65    56  
  66    83    59    62    86    98   115   112   128   126  
 161   148   170   179   185   176   177   212   185   222  
 255   282   347   387   517   635   751   985  1131  1369  
1602  1828  1914  2009  2111  2079  2034  1814  1700  1519  
1305  1128   963   753   621   520   379   321   281   241  
 188   187   174   164   176   160   142   146   138   122  
 104    83    91    78    73    63    49    45    55    28  
  26    24    33    31    23    28    28    24    28    11  
  17    22    22    10    12    23    13    14    18    14  
  13    12     4    15    14    13    18    12    16     9  
  18     8    26    12    10    13    18    18    18    20  
  17    13    16    13    15    14    21    17    10    23  
  14    22    29    21    24    23    12    16    22    19  
  33    17    16    18    20    22    21    25    28    24  
  28    37    48    57    59    81    92   111   115   160  
 163   178   152   172   223   207   174   153   149   130  
 107   107    79    81    68    53    46    44    51    56  
  58    56    55    67    55    66    70    69    81    61  
  56    45    43    42    39    32    29    24    31    27  
  14    30    32    26    44    60    56    74    92   123  
 147   148   177   214   237   255   302   293   261   276  
 258   267   223   219   195   174   123   119    85    84  
  55    54    29    25    21    15    18     6    13     6  
  14    12    10    10    13    12     8    11    10    15  
  18     6    16    24    16    16    16    18    17    21  
  21    40    26    32    35    31    32    31    28    27  
  32    30    32    30    27    39    35    32    31    31  
  33    31    26    26    19    26    22    33    36    25  
  28    27    27    26    19    18    22    25    31    16  
  36    21    32    40    54    59    44    60    68    75  
  76    68    66    73    83    73    72    73    76    67  
  68    59    50    63    62    44    49    46    54    38  
  23    36    15    29    21    15    15    15    11     8  
  15     9    11     2     4     9     9    10     7    11  
  10     4     7     5     9     6     6     2     7     4  
   6     7     2     3     5     5     4     9     8     9  
   8    11     8    10     7    11     4    10     6     9  
   6     9     7    10     4     6    10     9     5     5  
   9     5     6     7     7     6     5     7     7     4  
   5     4     7     7     8     3     8     7     9     5  
   5     6     4     9     2     9     2     5     5     8  
   8     8    12     8     5    12     5     8    12    12  
  11    16     5    12    13     7     6     8    10    14  
   9     6     6     1     4     1     5     5     5     3  
   4     4     7     5     8     3     5     4     4     7  
   7     3     1     2     2     1     5     5     5     3  
   2     1     5     4     2     5     4     0     3     3  
   5     4     5     2     1     3     4     2     2     2  
   4     3     4     2     4     4     3     4     3     5  
   1     4     1     2     5     6     4     4     2     2  
   1     2     4     2     2     4     2     3     2     1  
   0     6     2     1     3     2     4     1     2     8  
   1     4     1     2     6     1     2     2     0     5  
   2     1     2     3     2     5     2     3     8     9  
  12    14     9    12    13    23    24    25    43    48  
  61    61    65    81    93    87   110   131   125   130  
 115   136   132   137   138   141   144   112   125    90  
  77    85    53    44    51    36    24    19    15    12  
  13     3     7     8     2     4     2     4     1     3  
   1     2     3     1     4     2     2     1     3     1  
   3     5     1     2     2     4     3     1     4     1  
   3     0     0     1     2     3     3     3     3     1  
   2     2     3     0     6     1     1     0     1     1  
   2     3     3     1     2     4     0     0     2     0  
   1     1     3     0     1     2     0     2     1     1  
   0     2     3     3     2     2     0     3     1     0  
   0     1     2     1     0     2     2     0     1     3  
   2     0     0     0     0     1     3     1     0     0  
   2     0     1     1     3     0     2     3     1     3  
   1     0     0     0     2     3     2     2     1     0  
   2     1     4     6     6     4     5     5     9     4  
   9    15     6    15    13    17    20    20    19    25  
  17    24    21    12    16    18    10     8     9    10  
   5     5     4     2     1     5     2     1     2     3  
   3     3     4     3     7     3     2     5     9     6  
   4     3     4     5     4     3     5     2     0     2  
   0     2     4     0     4     0     0     1     1     0  
   0     1     1     2     1     0     1     1     2     1  
   1     2     0     0     2     1     0     0     2     2  
   2     3     1     5     3     5     2     2     2     0  
   1     2     0     0     0     2     0     0     3     2  
   1     0     1     1     0     2     0     2     3     0  
   0     0     0     0     0     2     1     2     1     3  
   1     0     0     2     0     1     3     0     0     2  
   0     0     1     1     0     0     2     1     0     1  
   2     2     0     0     1     0     1     1     0     2  
   1     1     1     0     1     0     0     0     0     0  
   0     0     0     3     0     0     1     0     2     0  
   0     0     0     0     0     1     0     0     0     2  
   1     1     0     0     0     1     0     0     3     0  
   0     2     2     0     0     0     1     0     0     0  
   1     1     1     2     2     0     0     0     0     1  
   1     0     0     0     1     1     3     0     0     0  
   0     0     0     0     0     0     0     1     1     0  
   0     0     0     1     0     0     0     0     0     1  
   1     0     0     1     0     0     0     0     0     1  
   0     0     0     1     1     0     0     0     2     0  
   1     0     0     0     0     0     1     1     0     0  
   0     2     1     2     1     0     0     1     1     2  
   0     0     1     1     2     0     0     0     0     0  
   1     0     0     0     0     0     0     3     0     0  
   0     1     2     1     2     0     0     0     0     1  
   0     1     0     0     2     1     0     0     1     1  
   0     0     0     0     0     1     0     0     0     1  
   0     0     1     2     0     0     1     0     1     0  
   2     0     3     0     0     1     0     0     2     1  
   0     1     0     0     0     2     1     0     0     2  
   0     0     0     0     1     0     0     0     0     0  
   0     1     0     1     0     0     0     0     1     1  
   1     0     0     0     0     0     1     1     0     0  
   1     0     0     0     0     0     0     0     0     0  
   0     0     1     2     0     0     0     0     1     0  
   0     0     0     3     1     0     0     0     0     0  
   0     0     0     1     0     0     0     1     0     0  
   0     1     0     0     0     1     0     1     0     0  
   0     0     0     0     0     0     0     2     0     0  
   1     0     1     1     0     0     1     1     0     0  
   0     1     1     0     0     1     0     0     1     0  
   0     1     2     0     0     0     0     0     0     0  
   0     0     0     0     1     1     0     0     0     0  
   0     0     0     0     0     0     0     0     0     0  
   0     0     0     0     0     0     0     2     0     1  
   0     0     0     0     0     0     0     0     1     0  
   0     1     0     0     1     0     0     0     0     0  
   0     0     0     0     0     0     1     0     0     0  
   0     1     1     0     1     1     0     0     0     0  
   0     0     0     1     0     0     0     0     0     0  
   0     0     0     1     0     0     0     1     0     0  
   1     0     0     1     1     0     0     1     0     0  
   2     0     0     1     1     1     1     1     0     0  
   0     0     0     0     1     0     0     0     0     0  
   0     0     0     0     0     0     1     0     0     0  
   1     0     0     0     0     0     0     0     0     0  
   1     0     0     0     1     0     0     0     0     0  
   1     0     0     0     0     0     0     0     0     0  
   0     0     0     0     0     0     0     0     0     0  
   0     0     0     0     0     0     0     0     0     0  
   0     0     0     0     0     0     0     0     0  
