Date: 25.12.2016 13:25:23
Period:     300.01
ZeroChannel: -0.10136
(mm/s)PerChannel: 0.01807
Dots: 0
Nc: 2
1:  Cr  24  1  5.410  304.980  
2:  Mo  42  1  17.470  972.340  
Data:
   0     0     0     0     0     0     0     0     0  
   0     0     0     0     0     0     0     0     0     0  
   0     0     0     0     5    15    13    21    49    43  
  67    54    49    59    52    53    68    70    59    57  
  59    68    68    63    57    52    66    53    53    59  
  49    61    54    61    50    58    52    54    47    44  
  39    42    43    43    55    39    49    53    39    49  
  42    69    56    54    43    41    41    51    48    47  
  42    39    49    36    50    47    49    47    53    50  
  56    45    51    48    45    51    46    54    41    55  
  48    53    51    50    46    38    51    48    49    54  
  49    55    59    52    48    51    57    38    71    39  
  55    66    65    79    60    67    68    84    83   106  
 100   117   121   149   132   131   136   124   142   139  
 110   126   114    96    82    97    66    72    78    74  
  71    76    83    86    84    78    82   107    71   114  
 120   180   193   226   256   295   356   348   369   382  
 335   327   287   240   213   182   175   189   166   166  
 183   136   153   124   119   103    95    82    73    76  
  67    65    66    68    57    52    38    37    38    51  
  51    42    48    68    70    78    88    89    78    94  
  68    75    73    50    44    45    27    34    31    42  
  38    32    23    26    26    35    42    31    31    35  
  32    30    33    17    27    24    29    28    36    26  
  20    30    23    30    34    39    52    56    74    88  
 104   110   123    99   105   146   122    97    85    53  
  57    47    37    31    28    31    25    40    27    22  
  28    40    31    33    40    37    38    41    34    38  
  40    29    33    31    35    35    22    19    21    33  
  29    25    28    23    28    27    37    25    31    21  
  41    30    28    27    21    33    28    32    28    24  
  33    31    19    29    32    33    21    33    28    36  
  42    28    33    45    36    33    33    38    43    41  
  50    34    53    42    33    30    42    32    32    42  
  29    25    39    38    39    26    29    37    32    32  
  42    30    55    51    53    58    49    56    57    61  
  52    58    46    44    50    44    53    52    46    43  
  33    35    34    45    37    38    38    36    27    34  
  49    39    39    39    38    32    51    30    33    43  
  34    38    35    42    40    34    33    32    49    46  
  34    36    35    36    44    37    36    53    50    42  
  41    45    42    54    57    73    67    77    73    75  
  56    77    56    60    57    53    49    45    49    34  
  35    43    50    38    50    55    40    49    41    47  
  51    43    51    37    37    47    48    53    61    59  
  51    49    34    45    46    46    37    32    39    36  
  35    70    39    35    58    31    39    41    44    33  
  47    38    31    40    33    35    51    52    40    42  
  43    52    63    34    56    45    50    57    40    51  
  53    36    49    48    36    37    52    47    51    46  
  57    52    54    67    71    69    84    84   114   134  
 144   150   143   167   170   153   180   149   105   111  
 104    99    93    63    62    64    61    51    52    44  
  52    42    39    44    39    40    36    57    28    36  
  47    51    41    46    48    54    46    51    41    48  
  41    44    48    36    49    47    67    63    54    57  
  50    66    67    53    62    64    68    74    71    72  
  79    94   106   132   164   178   284   364   471   588  
 743   992  1155  1472  1763  2077  2323  2452  2551  2572  
2693  2503  2235  2064  1859  1584  1216   973   733   593  
 425   332   196   217   162   143   140   115    91    79  
  87    68    59    48    53    56    48    35    42    38  
  40    25    41    28    37    48    48    49    53    49  
  62    61    69    74    80    69    64    70    54    60  
  53    47    42    44    41    43    32    27    39    40  
  33    31    40    25    37    36    32    48    34    38  
  46    43    36    32    43    28    43    57    47    51  
  60    70    68    71   110    96   115    89   113   147  
 160   148   184   183   182   176   170   192   194   230  
 257   278   307   404   477   622   802   875  1124  1344  
1604  1777  1901  1960  2090  2016  1961  1811  1767  1515  
1271  1071   938   720   574   502   384   321   242   240  
 195   184   183   176   169   118   143   129   118   123  
  98    88    70    81    58    57    44    37    28    25  
  23    25    16    20    23    20    19    16    27    12  
  18    17    17    11    11    10     8     9     8     8  
   8     7    10    11    11     7     5    13     8     9  
   5     6    12     6     5    13     6    13     9     8  
  14     7    15     8    12    11    15    14    16    18  
  10    19    14    16    16    19    15    18    13    21  
  23    20    25    25    21    17    18    19    17    22  
  23    33    31    37    65    82    93    92   106   128  
 151   154   160   168   185   164   172   139   119   136  
  93    79    65    59    56    42    39    41    50    49  
  42    55    59    68    60    65    60    73    44    54  
  58    45    45    40    39    29    29    19    16    19  
  26    25    27    25    39    55    55    54    85   122  
 123   144   169   191   221   227   247   271   300   270  
 275   254   215   196   183   136   139   110    91    79  
  49    41    24    22    14    13     8    10     6     5  
   9     9     4    12    11     7    13     7     7    15  
  17    11     8    14    12     8    18     3    16    14  
  17    21    16    19    25    24    21    21    17    28  
  13    10    15    20    19    12    15    19    11    10  
   6    15    14    20    16    15     6    15    13    20  
  19    17    12    19     8    17    13     7    17    19  
  19    28    25    25    31    34    28    49    35    55  
  54    78    63    59    61    73    57    57    61    68  
  64    49    62    52    48    39    45    46    34    35  
  37    32    25    19    21    18    10    10     9    12  
  19     5    12     6     8    15     9     5     6     7  
   3     3     5     0     3     5     2     3     5     2  
   5     4     4     4     3     2     0     2     6     4  
   3     1     2     4     6     2     4     5     5     4  
   4     3     4     4     3     4     3     5     5     3  
   5     0     5     4     3     4     2     4     3     1  
   4     4     1     5     8     1     3     1     4     8  
   2     2     3     5     3     2     8     2     2     3  
   7     4     4     6     3     0     4     8     3     6  
  10    12     7     6     7    13     8     8     5     5  
   8     4     2     4     3     4     5     2     5     3  
   2     3     5     2     4     1     1     2     3     7  
   3     1     1     4     5     2     4     2     1     2  
   2     1     2     1     3     1     2     2     8     1  
   1     0     4     1     1     0     2     2     2     6  
   1     0     1     2     1     2     1     0     2     2  
   1     3     2     0     3     4     2     2     2     4  
   1     4     2     3     3     2     1     5     4     3  
   0     3     1     2     1     0     4     3     0     1  
   1     3     1     3     1     1     2     3     1     1  
   2     1     2     2     4     2     5     3     1     8  
   3     7     9     8    13    16    16    27    17    23  
  27    35    31    43    40    43    51    61    70    83  
  69    71    49    83    68    73    53    73    63    44  
  48    45    31    31    22    11    16    12     8    13  
   5     3     3     2     2     2     1     1     1     1  
   3     1     1     0     0     0     1     3     0     0  
   2     3     2     4     3     1     0     1     0     0  
   1     4     1     1     0     1     1     2     1     3  
   0     2     1     3     2     2     1     2     2     0  
   0     2     0     0     1     3     2     3     3     3  
   1     0     1     0     0     4     0     0     2     1  
   0     2     2     0     1     0     0     1     1     0  
   1     0     2     1     1     1     1     2     0     2  
   0     0     0     1     1     3     0     1     1     0  
   0     0     1     1     2     1     0     0     0     3  
   0     3     1     1     2     1     1     4     1     0  
   1     2     5     2     3     5     4     4     3     7  
   6     4    11     9     8    12    17    14     9    18  
  12    18    10     6    10    11     7     6     4     3  
   3     6     2     4     3     4     2     4     2     2  
   4     3     3     0     2     3     2     2     1     3  
   4     1     0     2     4     1     2     1     2     1  
   2     2     1     1     2     1     1     0     1     0  
   2     0     0     3     1     0     1     2     1     1  
   1     1     2     4     2     1     0     3     0     4  
   4     0     5     2     2     3     2     1     4     4  
   2     3     2     0     3     1     1     0     0     0  
   4     0     1     2     1     0     0     0     0     0  
   0     0     0     0     1     0     1     1     1     1  
   1     0     1     0     1     0     0     1     1     0  
   0     1     0     1     2     0     0     1     1     1  
   2     0     0     2     0     1     0     1     1     1  
   1     0     0     0     2     0     2     0     0     0  
   0     0     1     1     0     2     0     0     0     0  
   2     0     1     0     0     0     2     2     0     1  
   0     0     0     2     0     1     1     1     0     0  
   0     0     0     0     0     1     1     1     3     1  
   1     1     0     0     0     0     0     0     0     0  
   0     1     1     0     1     0     0     0     0     1  
   0     0     1     0     2     0     0     0     0     0  
   0     1     0     1     1     0     0     0     0     0  
   0     0     0     0     0     0     0     1     0     0  
   0     0     0     1     1     2     0     0     0     0  
   0     1     0     0     0     0     2     0     0     1  
   2     1     1     1     0     0     0     0     0     0  
   3     3     0     0     1     1     0     0     0     0  
   0     1     0     0     1     0     0     2     0     0  
   0     0     1     0     1     0     0     0     0     0  
   0     0     1     0     1     1     0     0     0     1  
   1     2     0     0     0     1     0     0     0     1  
   0     1     0     0     0     0     0     1     1     0  
   0     0     0     3     1     0     0     0     1     0  
   1     0     0     0     0     0     1     0     1     1  
   0     0     1     0     1     0     0     0     0     0  
   0     0     0     2     1     0     0     2     1     0  
   0     0     1     1     0     0     0     0     0     1  
   1     0     0     1     0     0     1     0     0     0  
   0     0     0     0     1     0     0     0     0     0  
   0     0     0     0     1     0     0     1     0     0  
   0     1     0     0     0     0     0     1     1     0  
   0     2     0     0     1     0     0     0     0     0  
   1     0     0     2     1     0     0     0     0     0  
   0     0     0     1     0     0     0     0     0     0  
   0     0     0     0     0     1     0     3     0     1  
   0     0     0     0     1     0     0     0     0     0  
   0     0     0     1     0     1     0     0     0     0  
   0     0     0     0     0     0     0     0     0     2  
   0     0     0     0     0     2     0     0     0     0  
   0     0     0     0     1     0     1     0     1     0  
   2     1     0     0     1     0     0     1     0     1  
   0     1     0     0     0     0     0     1     0     1  
   0     0     0     0     0     1     0     1     0     0  
   0     0     1     0     1     0     0     1     0     0  
   0     0     1     1     0     0     0     0     0     0  
   0     0     1     0     0     0     0     0     0     0  
   0     1     1     1     1     0     0     1     0     0  
   0     1     0     0     0     0     0     0     0     0  
   2     0     0     0     0     0     0     0     0     1  
   1     0     0     0     0     0     0     0     0     0  
   0     0     0     0     0     0     0     1     0     1  
   0     1     0     1     0     0     0     0     0     0  
   0     0     0     0     0     0     0     0     0     0  
   0     0     0     0     0     0     0     0     0     0  
   0     0     0     0     0     0     0     0     0  
