Date: 22.01.2017 12:49:45
Period:     300.02
ZeroChannel: -0.10136
(mm/s)PerChannel: 0.01807
Dots: 0
Nc: 2
1:  Cr  24  1  5.410  304.980  
2:  Mo  42  1  17.470  972.340  
Data:
   0     0     0     0     0     0     0     0     0  
   0     0     0     0     0     0     0     0     0     1  
   0     0     0     5     6    15    34    53    76   104  
 129   152   133   155   150   152   161   134   136   137  
 126   136   152   130   138   146   148   135   127   142  
 135   107   137   121   124   116   127   110   130   116  
 121   108   114   112   104   107   113   108   110    92  
 125   113   107   103   110    91   110   112    87    90  
  96    86    94    82    90    93    88   105   117   118  
 116   145   152   166   218   266   272   334   390   394  
 359   385   328   281   251   193   153   145   131   116  
 101   104    94    80    86    75    82    91    99    79  
  77    75    71    61    83    79    87    83    80    81  
  94    80    69    86    96    92    70    81    95    67  
  72    67    80    89    77    79   101    82    80    80  
  79    65    86    77    85    91    85    82    79    69  
  82    93    97   118   149   141   147   153   165   148  
 125   121   105   112    80    76    80    75    77    68  
  90    70    76    95    92    85   103    83   103   105  
  85    80    67    77    68    57    68    53    54    40  
  53    51    47    47    57    57    49    60    57    50  
  46    41    57    44    37    50    31    36    46    40  
  32    37    27    39    37    45    35    47    34    40  
  31    30    50    33    29    52    37    36    35    32  
  34    52    42    37    39    43    51    42    41    42  
  42    46    30    41    57    42    55    57    37    41  
  27    37    33    35    36    36    28    44    38    31  
  45    22    32    25    29    39    43    37    32    37  
  32    28    33    34    36    34    34    30    42    33  
  39    41    33    30    27    36    28    35    43    38  
  34    37    34    46    40    33    29    44    34    32  
  41    36    34    41    29    41    54    42    38    33  
  38    47    35    39    44    33    38    52    31    39  
  39    31    33    41    35    43    41    42    43    34  
  34    44    42    48    36    41    42    51    38    43  
  49    56    49    58    62    66    70    74    70    86  
  75    71    53    63    53    51    61    42    49    42  
  46    43    48    40    37    35    32    43    48    36  
  42    46    34    44    56    49    42    36    50    59  
  53    43    46    48    62    51    49    60    57    49  
  55    37    37    50    51    43    61    68    47    51  
  69    54    71    83    90   101   117   128    86   124  
 101   108    93   101    86    75    66    57    53    67  
  45    50    66    51    62    51    39    67    50    54  
  59    66    54    51    43    67    60    65    68    65  
  61    52    61    59    64    74    68    66    53    67  
  51    59    82    77    52    66    51    63    71    45  
  72    59    76    69    38    62    58    53    59    61  
  50    54    62    72    66    77    60    52    47    58  
  58    61    72    71    76    62    56    57    73    66  
  65    64    55    55    64    81    60    64    65    66  
  59    76    67    56    79    68    83    59    60    60  
  76    60    71    48    72    72    56    64    70    68  
  45    63    68    75    76    70    76    74    63    68  
  68    61    65    68    91    73    58    73    62    75  
  72    72    65    86    80    76    64    61    84    69  
  63    88    74    79    64    56    69    67    69    56  
  80    75    76    85    74    76    75    82    71    83  
  81    99   100    97    94   109   125   130   123   151  
 119   127   106   123   117   112    92    97    66    83  
  78    93    77    80    77    63    71    78    74    77  
  75    85    74    75    77    91    74    60    79    70  
  83    63    77    73    60    79    89    80    77    88  
  97    76    83    92    90    83    93    80    84    99  
  87    80   110    85    99    85    90    72   103    84  
  91    87    95    96    96   105    75    86    98    93  
  81    87    97   103    84    86    93    89    90    98  
 109    96    99    92    94    94    81   115    97    97  
 106    89    85    74   119   100    88   110   106   111  
 129   106    96   101   106   110   110   125   113   124  
 113   130   123   132   129   150   139   154   136   128  
 124   118   121   124   121   116   121   120   116   112  
 100   132   125   132   123    99   117   123   102   106  
 102   132   124   112   143   122   105   107   133   124  
 105   121   132   107   114   117   108   115   119   114  
 111   113    99   145   127   103   133   155   136   127  
 130   109   117   111   128   126   118   113   124   130  
 104   120   145   129   138   139   137   136   125   110  
 140   126   128   115   120   116   132   122   124   136  
 119   135   137   131   124   130   138   134   114   127  
 112   132   145   122   134   139   125   132   120   136  
 139   126   125   123   142   115   127   148   128   156  
 130   150   122   151   154   147   132   154   150   144  
 126   133   143   144   133   139   129   127   152   120  
 126   132   132   136   131   122   138   123   146   133  
 145   127   135   135   117   129   127   151   140   119  
 138   125   139   124   149   114   139   126   138   128  
 143   120   131   159   124   138   130   140   150   144  
 121   117   149   140   131   150   145   127   148   139  
 128   133   144   157   124   154   123   148   161   126  
 141   130   134   137   156   137   144   131   161   142  
 123   164   159   128   146   143   147   163   146   125  
 119   144   158   161   155   165   151   144   163   171  
 172   197   166   186   183   171   184   176   195   212  
 201   207   210   224   280   241   281   284   310   309  
 294   383   413   427   453   521   578   642   738   871  
 897   991  1123  1304  1422  1538  1683  1839  1962  2119  
2228  2225  2321  2255  2193  2084  2000  1894  1743  1444  
1265  1074   900   783   664   525   408   334   281   213  
 171   165   109   121   103   105   114   105   126   105  
 114   108   103    87   108    86   112   101    90   101  
  87   104   104    97    91   105    92    98    86    93  
 105    85    92   117   101    97   110   103   101   105  
 107   108    88    93   101    88   112   108   111   110  
 113   103   117   104   107    99   108    99   107   107  
 116    98   101   107   108   106   121   102   109   103  
 121   132   150   123   119   140   167   141   146   147  
 148   171   159   167   177   171   191   177   198   235  
 217   237   256   269   300   303   333   364   365   402  
 401   418   450   419   381   363   348   362   324   302  
 271   236   204   190   162   163   188   168   143   151  
 128   152   113   141   118   114   104   103    99   103  
 101   114   111   108    93    76    74    66    57    76  
  66    56    68    69    64    77    63    62    63    57  
  63    71    59    66    51    72    57    70    65    64  
  85    68    74    62    65    58    56    58    65    64  
  72    70    62    51    61    84    74    65    75    69  
  45    63    66    61    76    79    70    68    61    73  
  56    63    74    63    51    66    61    64    76    55  
  68    77    54    63    69    73    66    54    63    58  
  49    71    51    74    55    60    55    71    53    71  
  66    70    71    57    61    75    73    60    56    71  
  59    56    62    43    64    63    63    58    55    66  
  62    79    45    47    65    65    64    61    62    58  
  55    76    67    67    56    61    66    72    71    61  
  78    59    56    64    57    65    61    62    71    57  
  55    51    65    56    62    67    63    51    55    53  
  56    58    58    52    45    73    53    70    59    60  
  54    67    59    60    48    67    55    62    61    63  
  62    58    81    46    63    66    66    56    59    63  
  54    53    61    55    51    55    55    53    53    70  
  62    64    59    63    71    56    51    68    65    54  
  74    71    52    55    64    63    47    64    51    55  
  51    61    49    47    61    63    37    68    59    59  
  64    71    45    64    52    49    53    54    53    61  
  52    55    50    54    55    34    39    57    41    51  
  49    33    49    49    47    52    47    49    48    65  
  55    57    46    54    51    56    52    45    51    45  
  52    50    55    60    45    41    59    46    55    56  
  67    53    76    53    71    58    51    64    53    66  
  66    59    57    66    50    62    60    59    58    52  
  57    60    60    58    49    46    64    57    55    59  
  65    60    63    52    51    41    40    53    57    49  
  52    59    54    42    52    50    48    56    60    58  
  45    47    46    61    48    45    41    41    59    54  
  47    55    48    42    30    49    44    49    61    43  
  57    45    55    49    46    54    42    50    52    54  
  53    56    44    33    48    51    41    33    51    35  
  47    40    42    39    45    48    61    55    49    40  
  49    51    59    52    36    49    41    39    42    32  
  55    38    52    49    46    34    33    37    44    36  
  51    44    40    37    36    39    48    41    57    41  
  56    37    46    42    41    49    47    50    43    61  
  32    47    40    38    42    47    32    43    32    48  
  39    44    46    41    43    42    35    52    36    40  
  32    41    32    39    37    38    45    27    43    49  
  44    32    31    33    44    34    32    41    39    34  
  47    35    36    43    45    36    33    40    39    37  
  26    35    39    37    50    35    44    41    38    39  
  31    53    33    32    29    31    40    40    33    36  
  24    36    38    35    22    39    29    36    27    35  
  34    38    30    28    37    33    35    36    48    35  
  35    29    42    40    43    26    46    35    32    45  
  31    25    33    30    31    32    27    32    30    34  
  39    42    39    32    26    39    35    27    36    31  
  39    36    33    32    40    32    38    32    37    38  
  24    32    36    50    29    31    29    34    30    32  
  36    36    16    29    39    36    32    35    29    20  
  27    25    38    31    32    31    45    30    35    29  
  22    41    23    51    28    28    27    25    30    38  
  27    29    36    44    30    34    34    36    26    33  
  25    20    39    35    27    33    32    31    32    36  
  36    26    25    35    28    29    41    32    31    31  
  27    24    28    24    24    38    36    20    35    19  
  35    21    26    25    21    24    19    31    28    26  
  25    26    17    26    32    38    26    23    14    31  
  19    22    24    19    28    28    26    26    27    17  
  24    28    27    24    34    30    28    25    26    31  
  27    25    29    30    25    21    23    28    28    26  
  19    21    17    32    24    30    33    26    29    22  
  21    21    31    36    24    26    23    23    30    30  
  28    23    25    25    24    18    22    26    22    23  
  25    26    25    27    28    24    16    25    29    37  
  21    29    25    22    15    18    21    29    30    26  
  20    24    20    24    31    30    22    19    13    17  
  26    18    28    23    24    20    26    27    14    19  
  14    29    13    30    18    20    21    14    17    14  
  19    21    22    22    18    18    18    15    27    25  
  16    16    14    25    21    20    27    18    26    21  
  22    18    24    19    20    27    21    19    11    21  
  18    22    15    12    15    22    17    16    15    19  
  20    19    11    23    22    21    17    18    10    17  
  17    20    16    13    11    23    22    18    24    18  
  21    23    26    20    20    26    20    10    11    23  
  16    25    17    16    21    21    15    15    11    14  
  23    16    17    21    23    21    16    20    11    22  
  14    16    15    23    27    19    21    14    19    19  
  18    20    12    14    21    16    12    20    15    12  
  19    21    24    15    21    22     9    16    18    14  
  19    18    17    18    21    21    15    11    14     8  
  14    24    10    11    22    13    14    15    18    10  
  12    10    26    15    13    15    10    12    16    18  
   9    20    18    20    13    14     6     6     2     0  
   0     0     0     0     0     0     0     0     0     0  
   0     0     0     0     0     0     0     0     0  
